gene.name	CMC.Analytical	BRV.Haplo	CMC.Haplo	VT.BRV.Haplo	VT.CMC.Haplo	WSS.Haplo	start.pos	mid.window.pos	end.pos
NA	0.999995	1	1	1	1	1	129302605	129302605	130317275
NA	0.999996	1	1	1	1	1	129303904	129303904	130324583
NA	0.999994	1	1	1	1	1	129305165	129305165	130324586
NA	0.999993	1	1	1	1	1	129307327	129307327	130334462
NA	0.999996	1	1	1	1	1	129308208	129308208	130346257
NA	0.999996	1	1	1	1	1	129308284	129308284	130346838
NA	0.999991	1	1	1	1	1	129308576	129308576	130349640
NA	0.999991	1	1	1	1	1	129310595	129310595	130350035
NA	0.99999	1	1	1	1	1	129310773	129310773	130350473
